2-2-1.5
1
567 255
227 662 435 618.5
3
565 252
229 669 440 625
4
618 266
230 672 442 627.8
5

231 670 439 626.1

2-2-2.5
1
250 560
227 668 441 623.9
2 900000
258 556
232 696 464 649.6
3
233 697 464 650.6
4
227 689 462 642.8
5
231 698 467 651.3

2-2-2
1
160 620 460 574.0

2-4-1.5
1
230 694 464 647.6

2-4-2.5
1
236 703 467 656.3

2-4-2
1
169 629 460 583
2
3
168 633 465 586.5

2-6-1.5
1
234 694 460 648
2
232 698 466 651.4

2-6-2.5
1
235 702 467 655.3
2
235 700 465 653.5

2-6-2
2
242 705 463 658.7



